   0   6   4
   0   8   3
   0   11   11
   0   18   7
   1   0   3
   1   14   15
   3   17   24
   3   20   4
   5   4   22
   5   14   23
   6   0   11
   6   0   15
   6   14   3
   6   14   19
   6   20   24
   7   0   3
   7   4   17
   7   4   23
   7   14   22
   12   4   13
   12   20   3
   13   14   17
   14   8   11
   14   11   3
   17   4   3
   17   20   13
   18   0   12
   18   0   19
   18   8   17
   18   14   11
   19   0   17
   19   8   12
   20   18   4
   22   0   17
   22   4   3
   22   14   4